8
8448
33792
264
520
1032
2056
4104
8200
16392
32776
65544
131080
9
10
12
8449
33793
8450
33794
8452
33796
776
1288
1544
2312
2568
3080
4360
4616
8456
8712
9224
10248
12296
16648
16904
17416
18440
20488
24584
33032
33288
33800
34824
36872
40968
49160
65800
66056
66568
67592
69640
73736
81928
98312
131336
131592
132104
133128
135176
139272
147464
265
521
1033
2057
4105
8201
16393
32777
65545
131081
266
522
1034
2058
4106
8202
16394
32778
65546
131082
11
268
524
1036
2060
4108
8204
16396
32780
65548
131084
13
14
8464
25
26
28
8480
42
44
8512
76
25344
42240
143616
8451
33795
8453
33797
8454
33798
1800
2824
3336
3592
4872
8968
9480
9736
10504
10760
11272
12552
12808
17160
17672
17928
18696
18952
19464
20744
21000
24840
25096
25608
26632
28680
33544
34056
34312
35080
35336
35848
37128
37384
41224
41480
41992
43016
45064
49416
49672
50184
51208
53256
57352
66312
66824
67080
67848
68104
68616
69896
70152
73992
74248
74760
75784
77832
82184
82440
82952
83976
86024
90120
98568
98824
99336
100360
102408
106504
114696
131848
132360
132616
133384
133640
134152
135432
135688
139528
139784
140296
141320
143368
147720
147976
148488
149512
151560
155656
777
1289
1545
2313
2569
3081
4361
4617
8457
8713
9225
10249
12297
16649
16905
17417
18441
20489
24585
33033
33289
33801
34825
36873
40969
49161
65801
66057
66569
67593
69641
73737
81929
98313
131337
131593
132105
133129
135177
139273
147465
778
1290
1546
2314
2570
3082
4362
4618
8458
8714
9226
10250
12298
16650
16906
17418
18442
20490
24586
33034
33290
33802
34826
36874
40970
49162
65802
66058
66570
67594
69642
73738
81930
98314
131338
131594
132106
133130
135178
139274
147466
267
523
1035
2059
4107
8203
16395
32779
65547
131083
780
1292
1548
2316
2572
3084
4364
4620
8460
8716
9228
10252
12300
16652
16908
17420
18444
20492
24588
33036
33292
33804
34828
36876
40972
49164
65804
66060
66572
67596
69644
73740
81932
98316
131340
131596
132108
133132
135180
139276
147468
269
525
1037
2061
4109
8205
16397
32781
65549
131085
270
526
1038
2062
4110
8206
16398
32782
65550
131086
15
8465
8466
8468
8472
281
537
1049
2073
4121
8217
16409
32793
65561
131097
282
538
1050
2074
4122
8218
16410
32794
65562
131098
27
284
540
1052
2076
4124
8220
16412
32796
65564
131100
29
30
8481
8482
8484
8488
298
554
1066
2090
4138
8234
16426
32810
65578
131114
43
300
556
1068
2092
4140
8236
16428
32812
65580
131116
45
46
8496
60
8513
8514
8516
8520
332
588
1100
2124
4172
8268
16460
32844
65612
131148
77
78
8528
